rotationvect {
  alpha: 2.08829
  x: -0.563629
  y: 0.559099
  z: -0.608055
}
rotationMat {
  x_00: -0.00618266
  x_01: 0.999981
  x_02: -6.50287e-05
  x_10: -0.999896
  x_11: -0.00618298
  x_12: -0.0130594
  x_20: -0.0130595
  x_21: -1.57197e-05
  x_22: 0.999915
}

eulerAngle {
  yaw: 1.574204087257385
  pitch: -0.004839615736074905
  roll: -0.007966860197484493
}
quaternion {
  w: -0.706396
  x: 0.0246359
  y: -0.014742
  z: -0.707234
}

